0 -14 12
1 7 8
2 19 -7
3 -12 12
4 2 8
5 9 9
6 -11 4
7 -22 -11
8 -14 9
9 15 -5
10 4 13
11 -1 -20
12 7 -10
13 -3 -13
14 -8 -16
15 19 6
16 -8 -6
17 -3 -6
18 -11 5
19 -17 -18
20 7 -6
21 -1 2
22 3 2
23 0 2
24 -14 -12
25 -2 -10
26 1 7
27 -10 -9
28 -4 2
29 -11 4
30 -22 -11
31 -21 -8
32 12 10
33 2 -5
34 -3 8
35 -14 -4
36 4 5
37 -4 -8
38 2 -15
39 -14 12
40 -10 -4
41 2 -4
42 -13 0
43 3 -8
44 6 7
45 -8 11
46 2 -10
47 6 0
48 7 -7
49 -6 -13
50 -4 13
51 7 4
52 -15 -4
53 -4 0
54 -18 -3
55 -9 -14
56 -20 -1
57 -12 -13
58 -6 -9
59 -3 -11
60 3 2
61 -3 -10
62 -12 2
63 -16 -11
64 -6 15
65 -2 -9
66 -24 -3
67 13 3
68 -7 3
69 -8 2
70 2 -8
71 -15 8
72 -16 -6
73 -10 21
74 16 6
75 -5 7
76 10 8
77 0 2
78 -1 -6
79 5 4
80 0 21
81 -12 -2
82 -7 2
83 3 2
84 -1 3
85 -4 -3
86 -7 19
87 14 10
88 -13 -15
89 9 -9
90 2 -11
91 3 3
92 -3 -14
93 0 -6
94 9 -1
95 5 9
96 -7 -9
97 -3 2
98 8 -1
99 3 -11
100 9 7
101 -7 -2
102 -2 11
103 -1 -10
104 -5 -11
105 -3 -8
106 5 -8
107 11 1
108 14 0
109 3 24

110 -1 7
111 16 10
112 4 7
113 -8 -5
114 -30 -1
115 10 -15
116 8 -15
117 9 4
118 5 0
119 -6 -22
120 -6 -3
121 -6 -24
122 -15 -5
123 5 -15
124 3 4
125 6 -9
126 4 11
127 -14 -3
128 -2 -2
129 13 0
130 4 18
131 1 -13
132 9 7
133 -2 4
134 -3 -2
135 21 -6
136 15 -13
137 -12 -5
138 -9 -2
139 -23 8
140 12 9
141 -11 8
142 -4 9
143 -4 7
144 6 -1
145 16 -14
146 14 -8
147 11 -6
148 -17 11
149 0 1
150 3 6
151 -10 -8
152 10 9
153 -7 -7
154 24 -15
155 3 9
156 9 0
157 -2 7
158 9 8
159 -27 -2
160 -9 4
161 4 3
162 17 12
163 24 -6
164 4 21
165 -10 1
166 2 -2
167 -6 -3
168 9 0
169 -12 27
170 10 -9
171 -7 -12
172 -19 0
173 -4 -1
174 8 2
175 -9 -5
176 9 -6
177 -10 9
178 22 -20
179 -7 -20
180 0 -8
181 -19 -8
182 -9 -2
183 -17 -16
184 -4 -5
185 -2 5
186 -7 13
187 2 -1
188 0 6
189 -3 -10
190 4 -24
191 8 4
192 7 2
193 -11 -1
194 -7 -18
195 1 -25
196 -1 -12
197 -5 3
198 -3 14
199 13 6
200 -5 4
201 -8 3
202 5 1
203 -6 -1
204 -5 -10
205 -1 5
206 6 -10
207 8 -1
208 -11 2
209 5 -8
210 25 0
211 -13 3
212 2 4
213 6 8
214 -7 -8
215 -2 -3
216 -6 3
217 -10 9
218 22 -1
219 -6 7
220 22 16
221 -2 4
222 0 4
223 -3 4
224 -1 -1
225 3 8
226 14 1
227 -7 3
228 6 -3
229 -8 2
230 -5 -2
231 6 -12
232 3 2
233 -10 -2
234 17 16
235 -2 3
236 5 2
237 17 -7
238 -5 8
239 -2 -9
240 1 -8
241 4 -2
242 3 -8
243 -11 -19
244 -5 7
245 22 -17
246 1 3
247 -6 -3
248 9 5
249 1 -1
250 -16 -12
251 -1 8
252 -4 2
253 4 -2
254 -9 -3
255 5 1
256 -2 -8
257 6 0
258 -1 2
259 -6 -8
260 -1 10
261 2 -14
262 -10 0
263 -2 -3
264 0 20
265 -2 1
266 4 9
267 15 -5
268 6 -3
269 4 -11
270 -7 8
271 -13 15
272 1 -1
273 16 -2
274 -17 2
275 -18 -10
276 5 2
277 1 1
278 5 -1
279 -10 -8
280 4 -4
281 6 -15
282 5 -1
283 5 -13
284 2 -18
285 -8 -3
286 -2 1
287 5 -7
288 3 -6
289 7 -3
290 7 -11
291 11 9
292 10 2
293 -3 14
294 -6 -12
295 -6 -19
296 0 4
297 -18 3
298 -3 -1
299 -10 -9
300 3 -12
301 6 -7
302 -18 1
303 -15 -25
304 5 3
305 -6 -10
306 2 -9
307 0 -11
308 1 -7
309 4 -12
310 -9 1
311 0 -11
312 -10 8
313 -9 11
314 5 -1
315 9 -1
316 -3 10
317 -14 2
318 7 -2
319 6 11
320 -4 12
321 17 -10
322 -5 -6
323 8 -4
324 3 -13
325 -4 -2
326 -5 6
327 -12 -7
328 12 5
329 -5 2
330 -2 1
331 -21 -7
332 -4 1
333 -16 2
334 6 2
335 1 3
336 -17 -7
337 -10 14
338 -15 -7
339 14 18
340 -9 -9
341 2 13
342 -29 2
343 -2 -4
344 16 3
345 7 -4
346 -5 -10
347 -4 14
348 0 -19
349 -6 -5
350 1 1
351 8 2
352 2 8
353 2 4
354 4 -3
355 8 -5
356 14 3
357 9 -4
358 -3 -5
359 -8 1
360 7 10
361 2 -5
362 2 -13
363 0 -25
364 1 1
365 18 4
366 0 -4
367 0 -15
368 14 -7
369 0 14
370 2 -9
371 1 -4
372 0 -16
373 4 -3
374 15 -12
375 -7 3
376 -5 -10
377 2 -16
378 10 -19
379 3 -25
380 18 -14
381 -3 -1
382 9 -5
383 13 -10
384 8 -2
385 17 -10
386 7 -5
387 8 -11
388 4 13

389 -10 -10
390 -18 -8
391 -12 3
392 -11 5
393 -13 -3
394 -11 -2
395 -7 3
396 -9 -1
397 -6 -9
398 6 -6
399 4 -5
400 -5 -14
401 -14 -10
402 2 7
403 0 1
404 4 -5
405 -20 0
406 -6 9
407 6 -5
408 4 8
409 -3 -6
410 1 -2
411 -5 -13
412 -13 -3
413 -5 -7
414 2 -10
415 -2 -7
416 9 6
417 13 -9
418 -24 -1
419 -5 -3
420 -9 -10
421 -8 -10
422 10 2
423 -27 10
424 -15 -15
425 -18 16
426 -10 10
427 -7 15
428 -5 8
429 -18 -7
430 1 1
431 4 -1
432 1 3
433 8 -3
434 -12 3
435 -18 5
436 4 -9
437 -18 0
438 -10 -13
439 -15 -6
440 -4 16
441 -3 0
442 12 -9
443 -36 2
444 6 -2
445 2 -6
446 -7 10
447 -9 10
448 6 4
449 8 0
450 -20 -2
451 7 14
452 -4 -8
453 -10 -9
454 -10 9
455 -8 -9
456 6 5
457 -8 3
458 -13 -7
459 0 9
460 5 0
461 13 -5
462 15 -1
463 7 -2
464 -6 7
465 -1 -11
466 3 -5
467 -3 -10
468 -7 16
469 5 2
470 -11 -4
471 8 3
472 4 5
473 -8 5
474 -9 -2
475 -3 -7
476 6 -3
477 21 -11
478 4 7
479 2 1
480 -10 -1
481 -2 -7
482 -11 -5
483 -4 5
484 5 9
485 7 -1
486 6 2
487 8 -9
488 -4 -15
489 3 1
490 -11 5
491 -16 14
492 9 9
493 -8 -10
494 -17 7
495 11 -9
496 -15 -10
497 -5 -7
498 1 -18
499 -9 23
500 5 11
501 2 16
502 -4 6
503 0 -7
504 9 -4
505 -9 -23
506 -4 -7
507 -14 -2
508 10 -3
509 -9 -10
510 -13 1
511 -8 -10
512 6 8
513 6 7
514 -1 -3
515 4 2
516 -2 -8
517 -4 1
518 -4 4
519 6 23
520 10 -7
521 12 -7
522 12 -8
523 -4 7
524 -7 -3
525 -21 7
526 -10 13
527 -11 4
528 -25 3
529 -4 -9
530 -11 -2
531 7 -5
532 1 -12
533 6 4
534 -5 1
535 7 10
536 2 -4
537 -1 -4
538 3 1
539 -6 -1
540 6 -7
541 -4 16
542 -14 -6
543 19 4

544 7 -16
545 -6 -11
546 19 -2
547 8 13
548 -15 2
549 1 -6
550 -2 2
551 4 25
552 -6 1
553 8 -14
554 11 21
555 0 12
556 -4 -11
557 -4 5
558 -6 3
559 5 1
560 10 -4
561 -3 4
562 8 -2
563 3 9
564 0 17
565 4 1
566 2 0
567 -9 -6
568 -13 -2
569 3 -1
570 -6 8
571 0 -1
572 5 8
573 -5 7
574 2 -12
575 -4 5
576 -6 13
577 -4 4
578 1 5
579 7 9
580 -7 -6
581 -11 7
582 9 13
583 0 -14
584 3 14
585 3 -12
586 17 -2
587 -4 -4
588 -12 -2
589 -2 -1
590 1 2
591 6 6
592 -1 -10
593 17 -17
594 -8 -11
595 7 -20
596 4 -11

597 7 2
598 0 17
599 5 1
600 10 10
601 2 -8
602 -13 1
603 -3 18
604 -7 6
605 -10 -1
606 -5 -3
607 4 -9
608 12 -10
609 -22 -11
610 4 11
611 -5 8
612 12 0
613 -3 4
614 0 2
615 -7 -1
616 7 14
617 0 -8
618 4 -4
619 14 15
620 2 -21
621 -8 10
622 2 -11
623 5 -1
624 10 3
625 6 -3
626 -11 -12
627 -9 -7
628 15 -8
629 18 7
630 -17 9
631 -1 1

632 -9 -1
633 -9 -8
634 -6 13
635 2 -9
636 -5 9
637 -25 5
638 16 15
639 -1 4
640 8 11
641 3 -9
642 -2 5
643 -2 5
644 -13 0
645 7 -6
646 5 13
647 14 3
648 -7 5
649 -7 -3
650 -6 10
651 13 -9
652 -2 0
653 -12 3
654 1 2
655 1 -12
656 -6 -11
657 -25 1
658 -6 -12
659 3 -4
660 15 -23
661 -2 -4
662 -13 10
663 -4 -2
664 -3 2
665 25 12
666 8 -13
667 15 -6
668 11 18
669 -14 -16
670 -9 14
671 1 0
672 -8 7
673 19 20
674 3 1
675 -5 -10
676 9 3
677 -12 -13
678 -4 1
679 -2 5
680 5 -3
681 3 -16
682 0 -5
683 0 13

684 -17 1
685 5 -1
686 7 1
687 5 -3
688 -9 -5
689 10 -12
690 12 3
691 6 13
692 2 7
693 4 -11
694 -10 3
695 4 5
696 -16 12
697 -10 -7
698 -10 0
699 -15 2
700 -5 -6
701 -4 -12
702 6 17
703 1 14
704 -5 -2
705 -13 -2
706 -10 -10
707 6 -12
708 -15 -3
709 -2 -10
710 16 3
711 6 -8
712 26 -11
713 14 -8
714 5 3
715 8 -11
716 2 1
717 7 -9
718 0 2
719 0 7
720 2 2
721 -2 -2
722 -10 13
723 -7 6
724 10 -3
725 13 -2
726 -4 2
727 -8 7
728 14 -2
729 13 -16
730 2 -7
731 -8 11
732 8 -9
733 2 -2
734 -13 12
735 -8 4
736 -5 -3
737 -5 19
738 2 9
739 -8 -3
740 12 -5
741 6 -9
742 1 -5
743 2 -1
744 8 -6
745 -8 9
746 7 10
747 12 12
748 -2 -3
749 5 14
750 7 -15
751 5 5
752 -21 -3
753 -2 -1
754 -8 6
755 24 -3
756 3 5
757 7 9
758 3 -5
759 18 -1
760 2 7
761 14 6
762 17 0
763 -2 -6
764 -7 -2
765 6 5
766 -2 4
767 0 -4
768 3 -8
769 7 -5
770 -6 -9
771 10 -6
772 -9 -12
773 -12 -1
774 -5 -1
775 -3 -13
776 2 -23
777 6 -7
778 11 0
779 10 -9
780 21 4
781 -1 -16
782 -13 9
783 -13 3
784 10 -11
785 7 -4
786 -7 3
787 8 -19
788 -2 -8
789 3 -8
790 -17 -5
791 -4 5
792 14 11
793 -1 7
794 -9 -3
795 -1 -5
796 0 -1
797 4 -4
798 -5 1
799 1 -4
800 5 0
801 1 -13
802 10 -10
803 -7 -4
804 -1 -4
805 15 -8

806 -5 -3
807 -3 1
808 -11 -6
809 -14 3
810 6 9
811 9 20
812 -1 -9
813 8 -11
814 0 -15
815 -1 -9
816 -2 24
817 -14 -16
818 7 -21
819 -5 -10
820 -1 -21
821 7 1
822 9 18

823 -8 4
824 2 21
825 -5 -3
826 -12 -4
827 11 7
828 10 2
829 7 13
830 -4 -8
831 4 -7
832 -16 -12
833 -12 -3
834 -2 14
835 -13 -9
836 -7 -9
837 -4 0
838 -7 6
839 -7 -5

840 7 1
841 11 8
842 0 2
843 -12 9
844 10 -9
845 0 -5
846 -15 -3
847 18 -4
848 6 11
849 14 8
850 -12 2
851 2 8
852 -3 29
853 3 8
854 20 -7
855 1 -9
856 1 5
857 -5 5
858 -12 -1
859 -10 7
860 7 2
861 -18 -15
862 15 20
863 1 -18
864 -8 -3
865 -4 3
866 -18 -2
867 -23 -4
868 -8 -4
869 -1 -11
870 0 17
871 -12 12
872 -5 17
873 -3 -22
874 -9 5
875 -13 12
876 -17 0
877 -7 4
878 3 9
879 -8 7
880 -5 -2
881 18 -7
882 -1 -16
883 12 -1
884 -13 7
885 -8 -16
886 14 1
887 5 -4
888 -2 8
889 -2 -8
890 -11 8
891 14 25
892 -4 21
893 11 -3
894 -15 -5
895 30 0
896 4 8
897 5 -8
898 19 13
899 6 -12
900 -4 7
901 -11 -4
902 14 1
903 16 -12
904 -11 1
905 10 -7
906 1 -14
907 -7 23
908 3 -2
909 -2 -17
910 11 -6
911 17 12
912 -6 -8
913 10 6
914 -3 0
915 2 -15
916 8 -5
917 11 -8
918 13 7
919 14 -12
920 -1 -5
921 2 -1
922 -6 3
923 18 -2
924 4 5
925 16 8
926 11 6
927 -17 -18
928 -26 2
929 -9 -3
930 -7 1
931 -1 -9
932 -23 -1
933 4 2
934 -12 9
935 9 8
936 8 9
937 4 -16
938 3 15
939 -9 0
940 -17 -4
941 9 -11
942 -10 -6
943 2 -11
944 4 12
945 8 -27
946 -23 22
947 -7 -5
948 16 4
949 3 -4
950 -11 -3
951 13 0
952 11 -4
953 0 -4
954 4 19
955 -1 1
956 8 17
957 7 5
958 -9 0
959 -14 -16
960 4 -2
961 11 2
962 -12 0
963 -4 -6
964 7 10
965 -4 -10
966 -4 4
967 -5 4
968 -13 -7
969 -5 -21
970 -10 12
971 0 -5
972 -12 -7
973 3 11
974 14 -14
975 -1 -14
976 0 -7
977 3 1
978 3 12
979 -6 -19
980 -2 -6
981 5 -6
982 -15 -14
983 16 -2
984 4 17
985 -8 -6
986 2 -2
987 3 -4
988 -9 -4
989 -3 -6
990 -13 1
991 9 8
992 -13 -16
993 2 -14
994 7 1
995 0 5
996 -23 7
997 15 3
998 4 19
999 -11 -12
1000 3 -14
1001 1 -18
1002 1 27
1003 -12 14
1004 7 5
1005 13 7
1006 6 -1
1007 17 22
1008 5 -2
1009 4 19
1010 -5 -6
1011 -9 -9
1012 10 16
1013 -4 -2
1014 -4 -7
1015 -6 2
1016 9 17
1017 10 -2
1018 -9 3
1019 3 -4
1020 14 7
1021 22 2
1022 17 -3
1023 -6 15